1060
1071
1015
1016
1017
1067
1068
6885
9808
9809
9812
9815
1003
1004
1072
1073
1036
1037
1055
1056
6887
1107
3683
3689
3670
8093
9822
6700
9827
6178
6179
6180
6903
8094
9828
9831
1524
1525
1526
1527
1528
1529
1705
1706
6249
6250
6889
6890
6891
6892
9832
9833
9834
9835
1570
1610
1611
1612
1613
1614
1707
1708
6893
1435
1436
1437
1642
1643
1644
1645
6263
6894
6895
9842
9843
1478
1479
1480
1481
1482
1483
3947
6251
2524
2505
2535
9853
9854
8082
9855
9857
2563
8083
9859
9860
6183
2229
2230
2231
2232
2233
2234
2235
2236
2237
2238
2239
2240
2241
2242
2243
2244
2245
2246
2247
2248
2249
2398
6905
6907
6909
6911
8121
8124
9711
9863
9870
9872
9874
9876
9878
9880
6913
9882
8066
8068
6999
2554
9891
6191
2518
2564
2565
6184
2540
2510
2511
6915
9894
5453
5454
5455
5456
5457
5458
5459
5460
5608
5609
6916
6917
8098
8099
9719
9720
9721
9895
9896
9897
9898
5414
5416
5615
9899
2402
2154
2116
10130
8072
5512
5513
5514
5515
5516
5517
5518
5519
5520
5610
5611
6918
8100
9912
9913
3483
3514
3410
3414
3436
3354
2684
2685
2686
2687
2688
2689
2690
2704
6919
8101
9917
9918
2640
2641
2642
2643
2644
6920
6921
8102
2705
2746
2747
2768
2769
2722
2723
2725
9919
2737
2770
8075
5342
2953
2954
2955
2956
2957
2958
2959
2960
2961
2962
3220
3221
3222
6252
6922
6923
6924
6925
8125
8133
9926
9927
9928
9929
9930
9931
3144
3145
3146
3147
3148
3149
3150
3151
3152
3153
3154
3155
3156
3157
3158
3159
3160
3161
3162
3163
3164
3165
3166
3167
3168
3169
3223
6253
6254
6926
8137
8138
9932
9933
9934
9935
9936
6181
6182
6927
6928
6929
6930
8143
6185
6186
6187
6188
6189
1383
1384
8156
1829
1830
1831
1832
1833
3764
3758
3757
4671
4675
3708
3709
3710
6670
3840
3841
3842
3843
3844
3845
3846
3847
3848
3849
3850
3851
3906
6255
6256
6936
4699
4700
4701
4702
4703
9976
8074
9977
9978
6192
5690
5694
5678
5748
3960
3961
9982
9983
7002
7003
7227
8167
9984
6940
9985
9986
9987
4213
4214
4215
4216
4217
4218
4219
4220
4221
4222
4223
4224
4225
6941
8168
9990
9991
9992
9993
9994
9995
4039
4040
9996
4111
4112
8169
3972
3973
6942
9997
3995
4343
6943
9998
10114
10115
10116
10117
10118
10119
1771
1772
6944
8171
10000
1814
10001
1875
10012
1876
5364
5390
10021
8079
4301
4302
4303
4304
4305
4306
4307
4334
6951
6952
8176
10022
10023
10024
1688
1689
1690
1691
8177
10025
10026
4129
4130
4131
4132
6615
6953
8178
8706
10027
10028
10029
10030
10031
4021
4022
4023
4024
6954
6955
8179
10032
1781
6268
10134
6177
4342
3886
3887
3888
8180
10033
3902
3903
3904
10035
4775
4776
4730
4731
4726
4727
4732
4733
4722
4723
4728
4721
6797
3308
3310
3311
3312
6958
10038
10040
5060
5061
5062
5063
5116
5117
5118
5119
5120
5121
5122
5212
5213
3957
5314
5315
10049
5233
5260
5261
5262
5263
5264
5265
8136
5579
5580
5581
5582
5583
5584
5585
5586
5612
5613
5614
6258
6964
9724
9725
4418
1763
10060
5338
5388
5035
5034
6246
6174
6193
6194
6195
6196
6197
6198
6968
6969
7790
7791
7792
10065
10066
10067
5993
5994
5998
6259
6012
6013
6971
10072
5909
5910
5911
5912
5913
5914
5915
5916
5917
5918
5919
5920
5921
5922
5923
5924
5925
5926
6976
8080
3621
6175
6176
6199
6200
6201
10087
10088
4077
4078
4079
4080
4081
4082
4083
4084
4085
4086
6979
6980
6981
8158
10089
10090
10091
10092
10093
5729
5730
5731
5732
5733
5734
5735
5736
5737
5738
5747
6982
6983
10095
10099
5742
6984
7009
